0.724837,0,0.688922,0,0,1,0,0,-0.688922,0,0.724837,0,2.65208,0,19.6693,1|
0.904754,0,-0.42594,0,0,1,0,0,0.42594,0,0.904754,0,2.12732,0,19.9163,1|
-0.998109,0,-0.0615541,0,0,1,0,0,0.0615541,0,-0.998109,0,4.02372,0,20.0332,1|
0.99243,0,0.122875,0,0,1,0,0,-0.122875,0,0.99243,0,4.02372,0,20.0332,1|
